25
5 2
0 13 34 48 9
1 2 0 13
4 5 0 9 34 48 13
6 2
16 24 35 8 57 3
2 3 16 24 35
5 6 3 16 8 24 57 35
7 2
49 29 4 24 23 58 28
5 6 4 23 29 49 24 58
6 7 4 23 28 49 24 58 29
8 3
4 3 29 48 18 40 7 75
3 4 3 4 29 48
5 6 3 4 29 48 18 40
7 8 3 4 7 48 18 40 29 75
9 3
17 11 0 24 70 49 40 32 41
4 5 0 17 11 24 70
7 8 0 17 11 24 70 49 40 32
8 9 0 17 11 24 70 49 40 32 41
10 3
82 46 70 73 14 23 81 24 55 91
6 7 14 46 23 82 73 70 81
8 9 14 24 23 46 73 70 81 82 55
9 10 14 24 23 46 73 70 81 82 55 91
11 3
69 48 27 107 81 4 57 74 76 39 2
6 7 4 69 27 107 81 48 57
7 8 4 69 27 74 81 48 57 107
10 11 2 4 27 74 39 48 57 107 76 81 69
12 3
87 31 66 17 62 95 78 76 109 111 112 100
6 7 17 31 66 87 62 95 78
7 8 17 31 66 76 62 95 78 87
11 12 17 31 66 76 62 95 78 87 109 111 112 100
13 3
98 23 43 80 0 52 97 88 76 105 14 36 24
1 2 23 98
7 8 0 23 43 88 80 52 97 98
12 13 0 14 24 76 23 36 97 98 88 105 80 52 43
14 3
76 28 77 20 133 93 103 3 124 84 81 50 51 94
4 5 20 28 77 76 133
10 11 3 20 77 28 81 93 103 76 124 133 84
13 14 3 20 50 28 81 51 94 76 124 133 84 93 77 103
15 3
108 60 143 4 122 140 61 142 18 81 29 71 51 124 84
3 4 4 60 143 108
11 12 4 18 61 60 29 71 140 142 108 122 81 143
14 15 4 18 51 60 29 61 84 142 108 122 81 143 71 140 124
16 3
113 124 45 2 16 154 73 1 134 20 57 32 109 128 132 108
8 9 1 2 73 16 45 154 113 124 134
12 13 1 2 32 16 20 73 113 124 134 45 57 154 109
15 16 1 2 32 16 20 73 113 108 134 45 57 154 109 128 132 124
17 3
11 42 131 124 107 1 50 141 103 125 92 80 145 13 21 41 81
8 9 1 42 11 103 107 131 50 141 124
11 12 1 42 11 103 92 80 50 141 124 125 107 131
16 17 1 41 11 42 92 80 13 81 124 125 107 131 145 50 21 141 103
18 3
1 179 176 89 64 133 125 161 65 58 111 118 22 29 157 50 63 96
4 5 1 64 176 179 89
7 8 1 64 125 161 89 176 133 179
17 18 1 50 22 58 64 118 29 63 96 89 111 176 125 133 157 179 65 161
19 3
72 48 35 44 105 148 126 29 20 173 15 130 154 27 78 93 121 150 147
3 4 35 44 48 72
14 15 15 20 27 35 29 130 48 72 44 173 105 148 154 126 78
18 19 15 20 27 35 29 130 48 72 44 173 105 148 154 126 78 93 121 150 147
20 3
158 46 14 50 145 110 41 185 58 47 129 33 174 45 40 48 112 143 68 23
5 6 14 50 46 158 145 110
7 8 14 50 41 158 145 110 46 185
19 20 14 23 33 48 47 41 40 58 68 50 129 110 174 46 45 185 112 158 143 145
21 4
191 145 158 147 62 13 44 126 172 153 31 159 35 157 182 181 113 105 93 207 165
7 8 13 126 44 145 147 158 62 191
16 17 13 31 35 113 126 44 62 145 172 153 147 159 158 157 182 191 181
18 19 13 31 35 93 126 44 62 145 105 153 147 159 158 157 182 191 181 172 113
20 21 13 31 35 93 126 44 62 145 105 153 147 159 158 157 182 191 181 172 113 207 165
22 4
0 125 91 55 178 40 31 36 153 24 140 213 29 146 113 66 93 2 165 137 173 149
2 3 0 125 91
9 10 0 24 31 55 36 91 40 125 153 178
14 15 0 24 29 55 36 31 40 125 153 178 140 213 91 146 113
21 22 0 2 29 24 36 31 40 66 55 137 140 213 91 146 113 125 93 153 165 178 173 149
23 4
191 192 46 229 22 221 127 185 134 169 186 215 108 83 33 85 110 54 77 111 183 164 103
1 2 191 192
2 3 46 192 191
5 6 22 46 191 229 192 221
22 23 22 46 33 54 103 127 83 110 77 169 111 221 215 191 108 229 134 185 85 192 183 186 164
24 4
87 74 14 59 99 215 210 97 54 159 93 8 113 17 129 58 224 132 150 130 88 4 105 170
10 11 14 54 74 59 93 215 210 97 87 159 99
14 15 8 54 14 59 93 74 17 97 87 159 99 215 113 210 129
15 16 8 54 14 58 93 74 17 59 87 159 99 215 113 210 129 97
23 24 4 8 14 58 54 74 17 59 87 93 88 170 113 210 129 97 224 132 150 159 130 99 105 215
25 4
214 145 129 128 37 94 12 226 24 130 97 39 159 232 34 158 53 62 3 248 162 32 136 212 152
2 3 129 214 145
15 16 12 24 34 128 97 39 37 158 214 130 129 145 159 232 94 226
18 19 3 12 34 24 97 39 37 128 53 130 129 145 159 232 94 226 158 214 62
24 25 3 12 34 24 32 39 37 128 53 130 97 145 159 232 94 226 158 214 62 248 162 129 136 212 152
26 4
42 161 214 251 147 22 216 82 93 33 255 158 243 241 23 226 80 198 244 190 117 63 230 250 56 64
1 2 42 161
11 12 22 33 42 93 82 158 216 251 147 161 255 214
15 16 22 33 23 93 82 158 42 226 147 161 255 214 243 241 216 251
25 26 22 33 23 80 63 56 42 93 147 117 82 158 64 241 216 251 226 198 244 190 161 255 230 250 214 243
27 4
130 225 121 24 115 234 84 195 117 60 170 43 85 4 70 196 10 168 188 241 151 104 262 187 113 174 13
11 12 24 60 43 117 115 84 130 225 195 121 170 234
18 19 4 10 24 60 115 84 43 117 168 121 170 234 85 130 70 225 196 195 188
22 23 4 10 24 60 104 84 43 117 168 121 115 234 85 130 70 225 196 195 188 241 151 170 262
26 27 4 10 13 60 104 24 43 117 168 121 115 113 84 130 70 225 196 195 188 241 151 170 262 234 187 174 85
28 4
221 18 106 201 166 90 32 132 262 183 256 22 184 267 84 151 258 249 202 19 154 141 39 89 80 47 207 110
1 2 18 221
7 8 18 132 32 166 201 106 90 221
20 21 18 19 22 151 132 32 84 166 202 154 256 106 184 267 90 221 258 262 249 201 183
27 28 18 19 22 151 39 32 84 166 202 154 132 80 47 110 90 221 258 262 249 201 183 256 141 106 89 184 207 267
29 4
157 150 109 64 112 280 131 3 102 141 271 269 181 70 96 120 72 113 199 166 225 211 15 117 189 265 287 87 54
2 3 109 157 150
5 6 64 109 150 157 112 280
18 19 3 64 70 72 112 181 96 102 109 141 271 280 269 150 131 157 120 113 199
28 29 3 15 54 72 64 117 70 102 109 141 112 181 265 87 131 157 120 113 199 166 225 271 211 280 189 269 287 150 96
